-0.020525536
-0.07482923
-0.07723191
-0.036466815
-0.009330771
-0.03287477
-0.073253185
-0.001283492
0.13084053
-0.080549665
-0.07458167
0.032359168
-0.101907104
-0.020240322
-0.012392387
-0.054705232
0.016695281
-0.050082505
-0.008711805
-0.03135684
-0.06859028
-0.08650915
0.105399705
-0.04332925
-0.07193859
-0.06639147
-0.0792497
-0.0148451505
0.0106675755
-0.076998875
0.042173486
-0.05409039
-0.03824867
0.08996436
-0.058537826
-0.013476046
-0.033764526
0.06570265
-0.05161842
0.023019033
-0.010926455
0.011027394
-0.017071595
0.07922689
-0.040076405
-0.03230775
-0.030095438
0.03364558
-0.10412678
-0.078368835
0.07331161
-0.021855937
-0.019106047
0.019123007
0.012777005
-0.08880375
-0.05503976
-0.011492108
-9.4716284e-05
-0.019304369
-0.08759482
-0.010483238
-0.0823188
-0.06158236
0.06992389
-0.025869137
0.057675764
-0.1546373
0.10024695
-0.14447251
0.056124695
-0.079560876
-0.050819263
0.12165582
0.02284335
0.13402446
-0.05861506
0.021742696
-0.020018887
0.06862093
-0.0069133393
-0.069019586
0.122586586
-0.04768556
-0.017459173
-0.0097841425
-0.119960286
-0.041913107
0.02810675
-0.08226329
-0.02923371
-0.049850363
-0.005010967
0.03187385
-0.04110794
-0.00570237
0.09426117
-0.006717187
-0.01812901
-0.037174914
0.014391793
-0.005902151
-0.0362427
-0.03855598
-0.037318602
-0.047970947
0.0047498154
-0.13147075
-0.05030557
0.089556895
0.1009942
0.1809927
-0.20980695
0.048379105
0.049891874
0.02363052
0.06512804
0.08402609
-0.17068046
-0.028339066