-0.019197285
0.16086875
0.068054624
-0.1265071
0.079575844
-0.059997916
-0.025511995
-0.020097159
0.15219393
0.1381471
0.06583434
0.14419033
0.11745423
-0.0065822382
-0.090758614
-0.011734785
-0.09407431
-0.011108459
0.099170744
0.0031984362
0.08482107
0.13909583
0.10293854
-0.060261495
-0.051155753
-0.067264736
-0.07064406
0.047934636
-0.061996624
-0.019877946
-0.014024613
-0.07183668
-0.18926921
-0.11435694
-0.011791423
0.015105933
-0.05472732
-0.08757999
0.14175376
0.13036638
0.09082833
0.1119942
-0.10918222
-0.07207913
0.18734296
-0.033970974
0.016722651
-0.11123724
-0.107874274
-0.08619108
-0.073870584
0.099524595
0.15091643
0.00871924
0.042992376
-0.008205243
0.07313449
-0.058504265
-0.03650129
-0.07250402
0.027639393
0.12348248
0.0188394
-0.080029905
-0.040504824
-0.07391179
-0.077240475
-0.14791484
-0.05268963
0.024109727
-0.096635394
-0.14232841
0.08638072
0.14406219
0.07958144
-0.017481532
-0.090640955
0.023970628
-0.100493915
-0.056446552
0.056940306
-0.10897435
-0.08678093
0.02139836