0.048518587 -0.1438246 -0.54313666 -0.36861646 0.03476332
0.17254019 -0.064785875 -0.089888245 0.10441433 0.19314076
0.24737994 -0.065516606 -0.23020874 -0.015603497 -0.0067822183
-0.044410866 -0.09678386 -0.14068176 0.074023426 -0.116658084
0.087131076 0.0060686874 0.03400352 0.14854686 -0.18251422
0.021369401 0.091574274 0.19397451 0.066961445 0.082136445
-0.08692447 -0.22725967 -0.22914405 -0.116917156 -0.30679813
0.016647665 0.08855011 -0.20456885 -0.02261611 -0.1619465
0.34814632 0.01951889 0.13625239 0.026314048 -0.2701475
0.058402844 -0.10904247 -0.2699256 -0.6881372 -0.14021902
-0.08610152 0.019770559 0.16557683 0.21040455 0.08699875
0.1614754 -0.110818006 0.0351857 0.066344395 -0.38422975
-0.40419725 -0.3371002 -0.07902171 -0.1034798 -0.553776
0.114056125 0.23422776 0.20900223 -0.059150413 -0.44868323
-0.0863574 -0.09980442 0.0351331 -0.24540032 -0.20217004
0.028219806 0.011982256 -0.05652007 0.07053523 0.2196149
0.14948662 -0.0922343 0.07351271 0.21494049 0.204083
0.09909534 -0.095593326 0.04208701 0.13097051 0.17313078
-0.08465916 -0.079883635 -0.16291766 0.09336607 0.1999941
-0.29150772 -0.45552233 -0.118215665 0.05659495 0.05359076
-0.08401899 -0.21739599 -0.14760451 -0.083741166 0.016704468
0.15003324 -0.01287047 -0.27827016 -0.034548137 0.09410291
-0.05250451 -0.0899398 -0.38875437 0.122306615 0.18801595
0.10298903 -0.17019899 -0.2688272 -0.054570746 0.11584481
-0.014025991 -0.24004416 -0.2932998 0.0020917023 0.1309961
-0.04679493 0.17955129 0.20249784 -0.05155268 0.062362887
-0.1473123 -0.0029853694 -0.32257628 -0.37484953 0.06618517
0.22782569 0.18954003 -0.15403286 -0.266299 0.3858841
0.30903077 0.12421023 -0.28343186 -0.12364181 0.2894654
0.08036685 -0.3141014 -0.6281234 -0.13784961 -0.03968335
-0.011798001 0.14305799 0.18689856 -0.103782766 -0.10246512
-0.049430136 0.13800615 0.1616032 0.16458955 -0.12274018
-0.118459 0.05270522 -0.11016482 0.16721936 0.3448909
-0.14238213 -0.33383998 -0.16492148 0.16304019 0.049213488
-0.09934465 -0.08241307 -0.11762506 0.026336493 0.27410376
-0.03023837 0.039427873 0.019824455 0.06971009 -0.041335024
-0.05627822 -0.18711585 -0.2943865 0.0761987 0.008423294
0.12198779 0.23725472 0.06612482 -0.4162547 -0.39655733
-0.0501649 0.13131808 0.040572338 0.09292765 0.113361746
-0.036925375 0.21936943 0.34236088 0.29410726 0.25468537
-0.09449891 0.01253209 0.174325 -0.053089827 -0.2469802
-0.07733644 -0.30350927 0.087815054 0.122425154 0.08954553
0.25377 0.22788504 0.0796612 0.37395835 0.11818068
-0.09535092 -0.12714247 -0.006869086 -0.14105175 -0.023121564
0.26230496 0.23921369 0.23309013 0.19808848 0.021844145
0.045662425 -0.09720572 0.048211142 0.017816465 -0.03225709
-0.27858418 -0.04907196 -0.0017124467 -0.2319273 -0.22760421
-0.28740174 -0.100792535 -0.07599095 -0.19506817 0.06742353
-0.39467993 -0.21258833 -0.11160108 -0.12786978 -0.18342488
-0.47652006 -0.047000516 -0.24931397 -0.21253876 -0.117603645
-0.16148125 -0.21763034 -0.10482248 -0.086684264 -0.009935531
-0.16823597 -0.103452414 -0.29903096 -0.16431543 -0.051795084
0.0438771 0.074829556 -0.13589096 -0.27066308 0.079492904
0.07765621 -0.03743559 0.096201 -0.21945709 -0.06981184
-0.08417318 0.040268194 -0.1371166 0.005248561 -0.11540403
0.16735835 -0.054540306 0.054849826 0.02702787 -0.1010983
0.06156531 -0.018739965 0.17831269 -0.0106979795 0.16477528
0.19073908 0.12994847 -0.14198211 -0.10632954 -0.26450416
0.050108965 0.13763869 0.097203486 0.018956168 0.2009944
0.006715027 0.0812862 0.054324225 0.09314447 0.1052475
0.22214429 -0.12095961 -0.13295276 0.015765775 0.07693262
0.14671521 0.25891334 0.18522418 -0.16475639 -0.26142713
0.26515713 0.3133529 -0.014266673 -0.110788874 0.024388738
-0.22024983 -0.15664148 0.007974147 -0.025749644 -0.050737638
-0.25223622 -0.19099759 -0.19098932 -0.3648429 -0.05991254
-0.009293078 -0.026392905 -0.09016306 -0.48674247 -0.5387534
0.16079365 -0.33840132 -0.42839697 0.08595195 -0.056307513
-0.5476339 -0.19060871 0.23689166 0.26385018 0.16933855
-0.16886888 0.15486765 0.026499547 -0.030581448 -0.10597693
0.18485752 -0.0003101215 -0.09738964 -0.069125496 0.19184873
0.10281077 0.17951111 0.27928516 0.06927163 -0.02134051
0.29700103 0.07779772 -0.45889765 -0.24678333 -0.06274083
-0.23428927 -0.6065231 -0.17046352 0.12734675 0.027190262
-0.12980224 0.054709777 0.044945966 0.08710959 0.21692578
0.1821809 0.20437415 -0.20349786 -0.18202187 -0.03826945
-0.21414194 -0.2080202 0.007785125 -0.15266868 -0.24393073
-0.0058680405 0.07174298 0.100434445 -0.3220478 -0.14897743
0.13127674 -0.013365676 0.11022341 -0.35963288 -0.08676927
-0.10868051 -0.026983289 -0.17987005 -0.20566271 -0.047174558
-0.24917886 -0.0712025 -0.096213125 -0.22142452 0.18230565
-0.04046815 -0.019631159 0.021244453 0.14740165 -0.30914497
-0.034742683 0.3080104 0.06787518 0.08416188 0.041405898
0.12182475 0.14212576 0.06855851 0.13902596 0.23980205
0.037476476 0.031417537 -0.117248625 -0.06739547 0.15835457
0.03249121 0.025415001 0.024816804 0.068407215 0.1437232
-0.03882849 -0.012049267 -0.016159983 0.07543569 -0.31653678
0.16761424 0.0575372 -0.0005501246 -0.16553769 0.13922007
-0.17033973 0.11010263 0.036224846 0.06724397 0.1907407
0.074510366 0.13984816 -0.21192034 0.03935078 0.056899436
0.015377472 -0.20908242 -0.21604913 0.0015479766 -0.17114645
0.5058724 0.027622705 -0.18957888 -0.38492197 -0.40038598
0.06506331 0.060219664 0.34167022 0.06749063 0.10313431
0.010203292 0.21950963 0.26261693 0.039179984 -0.11637088
0.18348314 -0.17096938 -0.1818849 0.04378606 -0.1326397
-0.21598223 -0.20437966 -0.118929155 -0.13020489 -0.08575764
0.0007142483 0.16115884 0.06727435 0.07990414 0.18324651
0.09842482 0.22872718 -0.116267286 -0.23034044 -0.32093686
-0.4319957 -0.29185858 -0.42442298 0.0038985256 0.09564515
-0.003578123 -0.17358431 0.17215215 0.24962649 0.23153006
-0.017605955 -0.2359317 -0.19327661 -0.02380752 0.026187165
-0.056917973 -0.15581267 -0.22931202 0.1798058 0.325612
0.30215102 0.2708535 0.053207107 0.42290333 0.25724623
0.037978332 0.036390483 -0.023361785 0.25933483 0.08070066
-0.15170847 0.059495475 0.14105889 0.16909926 0.25937387
0.06427186 -0.1786063 -0.17125277 -0.10180946 -0.13945332
0.046771057 -0.14717916 -0.39078757 -0.09178118 -0.118600026
-0.65535736 -0.31689742 0.06655132 0.00025870965 0.08542269
-0.43348187 0.04437354 0.018468337 -0.048237227 -0.0021382803
-0.078637056 0.015622124 -0.2613949 -0.019763056 -0.18907152
0.10682136 -0.12978174 -0.12916076 -0.107031174 -0.074899666
-0.036147848 -0.016807547 -0.3177048 -0.13982219 -0.19001816
-0.26826516 -0.19274083 -0.46861818 -0.47475174 -0.20609608
-0.06788019 -0.25901026 -0.08921843 -0.10204309 -0.0033322861
0.07912251 -0.06631223 0.13861717 0.046621315 0.14230058
0.30476612 0.1649509 0.17895381 0.060274687 0.16139679
-0.018558035 0.022272395 0.008829806 0.03080724 0.25871783
-0.28347167 -0.16309936 -0.49942678 -0.5679181 -0.28114697
-0.1797184 -0.10751716 -0.05338601 0.2521183 0.20400643
0.31178194 0.11190194 -0.03678517 0.085404575 0.1888984
0.128858 -0.035101667 -0.44644517 -0.21440287 -0.101683676
0.041678883 -0.095575385 0.14908655 -0.14885263 -0.11052293
-0.18651202 0.044634998 0.0078771515 0.029629994 -0.10173439
0.2209837 -0.07652558 -0.13028698 -0.1724047 -0.28198007
-0.13358161 0.022976251 0.22966509 0.06345816 -0.34760773
0.19846693 0.2665744 0.07949224 -0.26758105 -0.14686427
-0.10812748 -0.073900245 -0.031257924 -0.27919832 -0.2696874
0.15676118 -0.30206937 -0.60805446 -0.69995713 -0.3178244
0.35002908 0.19779707 -0.14010365 -0.11776395 0.12669708
-0.106109776 -0.014298909 0.048620857 -0.036890738 0.21416508
-0.10340522 0.11444428 0.026802192 0.078613214 -0.12339622
0.2733925 0.45191786 0.32846352 -0.009016151 -0.11182978
0.1956051 -0.22646357 -0.14644742 -0.3728099 -0.23618889
0.38267213 0.26817694 -0.45587194 -0.28263476 0.2683821
0.040017255 -0.09769486 -0.12929899 0.030996831 0.09944623
-0.19989529 -0.15105072 -0.036913715 0.107010424 -0.049137253
-0.22708413 -0.509831 0.15482202 0.10484707 0.12612098
-0.20097783 -0.30439547 0.032334737 0.15850896 -0.053232845
-0.016734716 -0.10172459 -0.058173306 -0.2735031 -0.09316788
-0.005714762 0.099761866 0.09889571 -0.030265113 -0.016503235
-0.18618234 -0.16396718 -0.23876639 -0.06473078 -0.18103436
-0.2612918 -0.322075 -0.29257205 0.079420984 0.13464534
-0.0075827204 -0.03032517 -0.18222542 -0.0075736274 0.07964915
0.31165248 0.34734297 0.25225598 0.001798736 -0.043177772
-0.016055403 0.2198588 0.1596329 0.22225729 -0.079362586
-0.04773689 0.112977535 -0.039988164 -0.07350528 -0.2678441
-0.30719334 -0.39561793 -0.028175937 0.109809995 -0.30386016
0.020061187 -0.1295465 -0.12108145 -0.2519668 -0.21744981
0.13737027 0.025330672 0.049708344 0.08735583 0.019268189
0.036382403 0.14468512 0.035352826 -0.03175945 -0.05483569
-0.131777 0.028798526 0.04767604 -0.28000015 -0.09092374
0.13676034 -0.13541211 0.1321198 0.20877838 0.27616048
-0.009962813 0.08845962 -0.008291811 0.27750668 -0.061665203
0.072584115 -0.45742464 -0.66061836 -0.26013187 0.019387484
-0.27947667 0.04583638 0.3132373 0.39225626 0.21375193
-0.027094845 0.24634032 0.18275079 0.13200636 -0.018143132
-0.18317574 -0.3931439 -0.22123891 -0.18454278 0.054899566
-0.05101981 -0.21343575 -0.06661033 -0.023607591 0.14385636
-0.42751095 0.17143662 0.22092886 0.17093877 0.101816006
0.007606926 0.1096825 -0.11766918 -0.20250943 -0.37599212
-0.10905608 -0.402281 -0.3789206 0.09103432 0.19164258
-0.029950041 0.21847218 0.1620921 -0.065288916 -0.20731041
0.07160909 -0.027236408 -0.18935522 -0.0991566 -0.012798244
-0.62475616 0.03901135 0.1300862 0.35541576 0.19780938
-0.07596286 0.115627505 0.08764281 0.16681977 -0.24532591
-0.043975838 -0.21699451 -0.09123866 0.0615477 0.31679115
0.21008827 -0.22125629 -0.056432802 0.14262038 0.20318449
0.2676784 -0.34596902 -0.17713542 0.022957964 -0.25601935
0.21151035 -0.08863225 -0.55097425 -0.23982432 -0.13900879
-0.00021590765 -0.33323917 -0.032706395 0.008518491 0.00800592
0.026448581 -0.065290675 -0.11907453 0.032669548 -0.06299404
0.07640795 -0.09569967 -0.048041105 0.057851315 0.16519286
0.41175556 0.12931754 -0.14429757 -0.09021678 -0.13822265
0.2445425 0.2669873 -0.27696213 -0.20687063 -0.31034547
0.14000747 -0.007615852 -0.31821278 -0.33388993 -0.21613553
-0.003845919 -0.17810597 -0.34657255 -0.19491239 0.09887331
0.21939193 0.0855194 -0.027379287 0.075937904 -0.024127448
0.05913592 -0.07684663 -0.13338216 -0.09124777 0.042935167
0.18879999 0.010450803 0.023386324 0.094536364 -0.34756
0.077451564 -0.08493999 -0.9331202 0.011948268 0.08518197
-0.117332555 -0.015738303 0.052516602 -0.0027877863 0.19816202
-0.4130911 -0.40286914 -0.19867261 -0.16046265 -0.26280022
-0.0037293914 0.14261653 0.27571744 -0.039810184 -0.16439219
0.02501868 -0.06880733 0.1359549 -0.057132594 -0.34256527
-0.08095634 0.23715727 0.18860695 -0.095321484 -0.05103134
-0.16942187 -0.30016437 -0.077506356 0.10654446 -0.1077119
0.18006568 0.08344946 0.13059671 0.1580877 0.13031334
0.065101326 -0.12512182 -0.003220389 0.21875644 0.26048654
-0.08380453 -0.18513304 0.0010794605 -0.60677403 -0.7056518
-0.082428634 0.11447252 0.08956731 0.14306198 -0.1005569
-0.19070207 -0.08061924 -0.011553674 0.11036432 -0.012618565
0.1395383 0.14712341 0.11009627 0.0028954262 -0.2747518
-0.21733263 0.014807919 0.32394248 0.5076849 0.4516185
-0.26308024 -0.39964616 -0.11816559 0.0038918462 0.2670889
-0.055298768 0.02315481 0.18026698 0.099148095 -0.47757298
-0.2490266 0.10253787 0.07118013 0.16825877 -0.18505149
-0.37361223 -0.4360364 -0.32762867 -0.098015286 0.034708057
-0.08511827 -0.26926962 -0.22286156 -0.39977095 -0.30667946
-0.069960125 0.16538683 -0.08808684 -0.082806975 -0.2972573
0.07790649 0.14624807 0.18585525 -0.01845143 -0.072555
-0.09606136 0.11667809 0.009446479 0.20570487 0.044728223
-0.008196961 -0.3269846 -0.16039164 -0.1422449 0.06431281
-0.066498406 -0.36543703 -0.4757643 -0.29895258 -0.15151456
-0.068224736 -0.11545993 0.012670262 0.04403088 -0.23849455
-0.10694337 -0.069238245 0.1893859 0.34582233 0.13254175
-0.036295846 0.030567594 0.07657466 0.40486398 0.39446118
-0.010975238 0.024344534 0.10813623 0.05521737 0.07608817
-0.0984879 -0.33641782 -0.32620117 0.005909108 0.22406308
-0.1693245 -0.016928637 -0.10868501 -0.34059048 -0.40853727
-0.19065735 -0.010583792 0.11765183 0.042734243 0.020135086
0.021877801 0.09643815 0.12536816 -0.05843484 0.093047634
-0.21195935 -0.2451154 -0.14839952 -0.08599929 -0.03327794
-0.14756401 -0.09393431 -0.1538608 -0.15499339 -0.26288125
0.14744917 -0.06869512 -0.05003805 -0.038998574 0.104966514
0.06731957 0.076413274 -0.25166357 -0.13250582 0.12470084
-0.06266963 0.035591453 -0.20387527 -0.12440729 -0.053636093
-0.03510577 -0.1421087 0.07356358 0.19398041 0.0019032491
0.21905605 0.2887507 0.18882991 0.22851658 0.098301515
-0.098355904 0.03903255 -0.072448194 0.18520974 0.15585378
-0.20923254 -0.03400964 0.037022274 0.018039564 -0.1788928
0.21706611 0.13892542 -0.04427857 0.09335461 -0.13525552
-0.116052166 -0.07159595 0.15343164 0.057349857 -0.28135702
0.32334653 0.3347287 0.20315078 0.05304006 -0.03621769
0.039242227 -0.10576461 -0.10075081 -0.08667135 -0.020329446
-0.3177432 -0.07170025 -0.24312854 -0.29156557 -0.10923355
-0.20999752 -0.13214672 -0.14459266 -0.0095969215 0.16956429
-0.35113433 -0.3541412 -0.17568724 -0.203511 -0.11886505
-0.44229257 -0.13976718 -0.15409404 -0.31382632 -0.24519405
-0.04020707 0.19263063 -0.1406327 -0.11570045 0.034936715
-0.05226111 0.35694334 -0.091521986 0.053443152 0.05807542
-0.05233245 0.14047799 -0.02981888 0.0819689 -0.025002707
0.06484671 0.08176235 0.07570926 0.19631991 0.28344193
-0.03316131 0.21259922 0.1265386 0.10719158 0.11552257
-0.24326117 0.088760585 -0.05243352 -0.068050325 0.021368228
0.074623756 0.0799575 -0.01798297 -0.034290034 0.10128315
-0.030593932 -0.13869683 -0.20027961 -0.27847528 -0.044997945
-0.294866 -0.0655599 0.004124277 -0.11384077 0.052137632
0.039184824 0.12805139 0.110324144 -0.030443953 0.21257725
-0.056402966 0.072492026 0.33667913 -0.1287827 -0.0959792
-0.0073418356 0.103602506 0.07886987 -0.077384286 0.39054975
0.0707351 0.14525752 0.025713565 -0.04247524 0.22609831
0.48623672 -0.2256179 -0.4649148 -0.13255022 0.091121316
0.3580341 -0.25909194 -0.026678206 0.13515143 0.23922233
0.21472737 -0.11070451 0.34722477 0.11577937 0.07763928
0.061601777 -0.0852015 0.02727391 0.13204552 -0.052595153
0.059218496 0.11840116 0.140579 0.25348076 -0.17249486
0.04640272 -0.049328666 0.08163849 0.01372321 0.1914112
0.14180338 0.0065724053 -0.2113054 -0.34266213 -0.49382645
0.2925271 0.0873808 -0.19054703 -0.8175762 -0.16266382
0.022128748 -0.45292115 -0.82717425 -0.3459571 0.047715355
-0.4256544 -0.22651492 -0.2322841 -0.2099155 0.15505025
-0.3325071 -0.14778231 -0.16154353 -0.105907485 0.14045556
-0.11186514 -0.23695971 -0.39524996 -0.3383406 -0.072870664
-0.06296871 0.019612772 -0.10585049 -0.6159158 0.22389473
-0.011048065 -0.090473235 -0.27488816 -0.11935143 0.013079192
0.08460265 0.14194717 -0.31033337 -0.095460765 0.027497677
0.2880776 0.16007559 0.0725891 -0.091312766 0.17680483
0.35891962 -0.13985576 -0.011473023 0.11252827 -0.04971866
0.066399574 -0.05383661 0.07241624 0.12719704 0.05093862
-0.31974095 -0.026249746 0.25025225 0.18172593 -0.11066269
0.06657465 0.10292577 0.23672739 0.04808431 -0.023594353
0.34579906 0.13676454 -0.1453556 -0.21354215 0.017921189
-0.015169769 -0.08671771 -0.22494672 -0.2288915 -0.22397465
0.018839065 -0.28121978 -0.25630638 -0.09459978 -0.19614457
-0.13376838 -0.22364946 0.039259303 -0.03939273 -0.08406385
0.041726127 -0.07283604 0.12689771 0.07988031 -0.2154794
0.1741471 0.05048158 -0.1795329 -0.17603447 -0.13813898
0.32216936 0.009245849 -0.40820545 -0.3104325 0.16546203
0.160291 0.004375036 -0.35867044 -0.056331582 0.15604357
0.21976909 -0.19867396 0.077038586 0.20272368 -0.12982997
-0.0967055 -0.089178205 0.0130592305 0.12097945 -0.05813792
-0.09317655 -0.015723594 0.23280892 -0.018187774 -0.030100537
-0.07629412 0.13577078 0.16680007 0.2676426 0.20515348
0.09948527 0.02498776 0.039456405 0.023804434 0.09074681
0.021822015 -0.44257146 -0.18717901 -0.0956584 0.29842004
-0.104988635 -0.35858673 -0.34482625 0.031176608 -0.044091515
-0.15575211 0.016038861 0.058158576 -0.046476886 -0.08123627
-0.24364439 -0.14158787 -0.078940965 -0.063955605 -0.26338574
0.029482018 0.24250299 0.23722407 0.0540985 0.1792596
-0.15470544 0.20395824 0.27760252 0.18454073 -0.1787862
-0.0889282 -0.29536498 -0.2709616 -0.21281743 0.15167165
0.069447935 0.013990809 0.31304824 0.049623106 -0.028832883
-0.12829089 0.36388484 0.5986896 -0.031256054 -0.13037796
0.25766551 0.17771448 0.035199147 0.18754376 0.09548798
0.11787989 0.39920515 0.17805678 0.09746426 -0.5638344
-0.085767075 -0.13747557 -0.0005029088 -0.1408903 -0.2929564
-0.016320722 0.070579976 0.15418416 -0.17329928 -0.12359108
0.15465875 -0.113077454 -0.113569304 -0.15821318 -0.24180043
0.09911002 -0.24878965 -0.2484013 -0.25466546 -0.16551146
0.08300359 -0.620131 -0.26878607 -0.11325452 0.14818111
0.09276336 -0.42882216 -0.048344165 0.09114416 0.08896337
-0.19094679 0.08194218 0.03859045 -0.055764087 -0.2656449
-0.079557955 0.042485487 -0.038884263 0.06200331 -0.23367405
-0.109112054 -0.07248037 0.024619365 -0.09323481 -0.10060733
-0.023701163 -0.0667529 -0.06528906 -0.091946825 -0.1233697
-0.096720345 -0.13912964 -0.2327728 -0.2227198 0.022542836
-0.06508488 0.274866 0.06697314 0.0451309 -0.32223567
-0.12502229 -0.044749618 -0.13511541 0.07844394 -0.09054165
0.3544477 0.06434199 0.18154368 0.11639786 -0.0523223
-0.05814923 -0.017564602 0.09018725 0.050674837 -0.49780458
-0.021312904 -0.47128522 -0.2127644 0.1465971 -0.08125122
-0.13307753 -0.2482271 -0.29217416 -0.052514326 -0.06711201
-0.5294202 -0.11607247 0.13813911 0.25542358 -0.04758857
-0.09590311 -0.052515365 0.1636011 0.10885612 -0.1807938
0.25592622 0.2433939 0.19480878 -0.19033767 -0.19189252
0.22078913 0.09061407 -0.054789115 -0.21670927 -0.33218065
-0.20155773 0.021675572 0.215868 0.3333647 -0.002667049
0.17539652 0.09939501 -0.046485465 -0.13132451 0.19479415
0.02426779 -0.0853978 -0.5904404 -0.18759991 0.07959609
-0.3083112 -0.18307342 -0.06675135 0.020136094 -0.003934839
-0.34680277 -0.022822391 0.08305477 -0.044183414 -0.34114155
-0.3726032 0.09077889 0.34185544 0.25897032 -0.2250892
0.13214883 -0.15797766 0.040213205 0.083495535 -0.033244714
-0.004454282 -0.07332643 -0.3107461 -0.26728362 -0.069057174
0.051805362 -0.0093185855 -0.10508757 -0.044691905 -0.14149891
-0.29604807 -0.1159675 -0.09273427 0.044942148 -0.10089845
-0.10680531 -0.2021643 -0.19835252 0.1652656 -0.027853739
0.0100664925 -0.506092 0.036467783 0.32927352 0.044619486
-0.39142263 0.0037008566 0.07689907 0.19526058 0.11953617
0.0073039806 0.15274994 0.013542332 0.17032424 -0.12487074
0.012929135 0.060197193 -0.23435949 -0.14077118 -0.5106328
-0.15625952 -0.13254555 0.06783922 0.33798483 0.25812992
-0.16751327 -0.26240954 -0.2305118 0.22569244 0.16403872
-0.34399334 -0.35776636 -0.19547705 -0.14687844 -0.13169248
-0.30571046 -0.058238145 -0.09841809 -0.16092516 -0.10778444
-0.008558439 -0.067316346 -0.047741476 -0.16811465 -0.2124913
-0.06688839 0.082862124 -0.09140664 0.06958423 -0.050903972
0.013622123 -0.13956241 -0.13734876 0.1113104 -0.13831122
-0.1903611 -0.10230564 -0.17851615 0.17574073 -0.11495868
-0.4835138 0.07192051 0.06512276 0.25448796 0.040418845
-0.012391159 -0.09419305 -0.080815986 -0.15996191 0.10316223
-0.058351085 0.05514606 0.01626387 -0.057916638 0.098316215
-0.1914755 -0.09743923 -0.04080895 -0.08499505 -0.034831185
0.048080035 0.058533765 -0.07656883 -0.12745276 -0.23626235
0.3177667 -0.103707545 -0.12617643 -0.21676607 -0.475534
0.16990781 0.25860494 -0.08842119 -0.42285594 -0.2385773
0.014461741 -0.1970329 -0.2657215 -0.5250801 -0.42630306
-0.10577413 -0.14863966 -0.20739587 -0.39013046 -0.25164846
0.08499333 0.1398321 0.054553986 -0.0013795854 0.023901481
0.09853245 0.018759213 0.025671378 -0.17882963 0.10670157
0.2679578 -0.05871383 0.006006398 -0.06631532 0.011535429
0.2202133 -0.039840944 -0.1473496 0.22312678 0.22924303
-0.265947 -0.31295022 -0.50742114 -0.59336853 -0.010714026
-0.100216664 -0.18737893 -0.13260402 -0.3951104 -0.44949943
0.12118351 0.08623155 -0.011419383 -0.2884069 0.041861556
-0.017026853 -0.13461144 -0.18020405 -0.105226666 0.02655556
-0.18115674 0.10901445 0.024292858 -0.17071542 -0.07910487
-0.14149824 0.04610157 0.21168795 -0.04577807 -0.39270818
0.09205539 0.019492598 0.0057059242 0.096758515 -0.34920833
0.051942777 0.08535366 0.11857382 0.16946612 -0.2887349
0.09928464 0.16133799 0.16023488 0.016889594 -0.029821789
-0.063674085 0.036386985 0.14655186 -0.04858414 -0.21709977
0.046684016 0.16257429 0.20534025 0.1385934 -0.21358283
0.19994363 -0.07448198 0.10146308 0.16723825 0.17915054
-0.00046359812 -0.06550666 0.21037963 0.23422106 0.12993768
-0.17753452 -0.19409132 0.11262677 0.09464904 -0.04418418
-0.36956626 -0.09602033 -0.2699686 -0.073456585 0.013415923
0.17356603 -0.16133906 -0.24129365 0.043931283 -0.22227134
0.23456386 -0.14597197 -0.19174665 0.056544866 -0.03611898
-0.046416096 -0.08532239 -0.05796698 0.26310474 0.22391848
-0.15033844 -0.15461491 -0.19333455 0.25060007 0.03361819
0.08751627 -0.16144325 -0.04549385 0.05456213 0.04425536
0.0238726 -0.24892478 -0.13175142 0.16564755 0.081480265
0.038557425 -0.16929597 -0.012196731 -0.18000147 -0.04188781
-0.2720227 0.19578806 -0.10715436 -0.54004955 -0.11664785
0.15563178 0.31991854 0.273921 0.15057515 0.2158095
-0.6254878 -0.03858237 0.27197677 0.16960518 -0.25546753
-0.3266026 0.042269297 -0.014659126 -0.090957925 -0.19027175
0.28457698 0.26771364 0.025554266 -0.10203242 0.23348156
0.27327332 0.14131464 -0.18507725 0.053186834 0.2650678
-0.18885759 -0.4542386 -0.43941712 -0.23441906 -0.48698202
0.09580176 0.052768078 -0.07809138 -0.098891795 0.043814253
-0.4276318 -0.09849493 -0.0053264606 -0.1531448 -0.04219145
0.0028790636 -0.060360342 -0.32926136 0.09297499 0.009551631
0.15311323 0.037563313 0.19384953 0.3410885 0.56894135
0.16231748 0.20387614 0.2317709 0.12001874 0.036182195
0.12825322 -0.008924044 -0.1291101 0.08691277 -0.111535296
0.06216316 -0.31222454 -0.08584391 0.23207101 0.16503945
-0.2042786 -0.5602196 0.03759961 0.15878135 0.12878573
-0.18905312 -0.3080352 -0.2700818 -0.21354157 -0.21906032
0.14916055 0.14935893 -0.07164224 -0.019552242 -0.028552668
0.020516278 0.1635969 0.07370996 0.21052253 -0.1207918
0.13728192 -0.0441991 -0.16032343 0.1303489 0.044442978
0.20529953 -0.045645125 -0.38339075 -0.13158971 0.09233549
-0.1159448 -0.5598487 -0.5396158 -0.33350846 -0.17509986
-0.08733709 -0.06482165 -0.30418774 -0.099613875 -0.27205706
-0.1118232 0.08194695 0.1634224 0.3927418 0.17878123
0.2556453 -0.018761033 -0.22010583 0.17343935 0.025156321
0.22059019 -0.19605534 -0.019228626 0.24849206 0.21947633
-0.22184779 -0.24183384 -0.35004142 0.0020856056 0.107900634
-0.15731275 -0.15622602 -0.337543 -0.6114479 -0.45662153
-0.17645255 -0.33008602 -0.43243545 -0.2358418 0.20108481
-0.5973192 -0.1395372 0.08011841 0.2590299 0.1537433
-0.13746001 0.18467374 0.31831205 0.16789263 -0.428456
0.06809545 0.2415397 -0.055280562 -0.25158796 0.10839274
-0.0892343 -0.3171229 -0.038951747 0.19503309 -0.12465106
-0.0062950053 0.12145847 0.19264974 0.19520554 -0.27067533
0.0010187102 0.05500012 0.121847734 -0.28096044 -0.3301228
-0.40641457 -0.3936602 -0.3201839 -0.02244819 -0.004816156
0.16865696 -0.25151774 0.05056681 0.0051662717 0.11116252
0.007595747 -0.10212353 -0.1295487 0.0039198175 0.12304029
-0.06381755 -0.060350962 0.1503515 0.17229344 0.05916391
-0.087619156 0.3503392 0.25751173 -0.15684694 0.013572997
-0.16544662 0.07981064 -0.3345313 0.05352581 0.34713033
-0.24463694 -0.25244474 -0.013861445 0.03930591 -0.09630099
-0.22099333 -0.0014561772 0.07361785 -0.09943809 0.08866487
0.044919755 0.056740753 -0.24444854 -0.20412505 -0.111045554
-0.3726846 -0.12689176 0.010405147 0.21144824 0.01551979
-0.14521265 0.15167943 0.19440962 -0.01960042 -0.312231
0.14256331 0.15634562 -0.20381288 -0.26269764 -0.3069388
0.08342787 -0.09442806 -0.31262562 -0.20844822 -0.0325772
-0.20382822 -0.14320996 -0.007821212 -0.112979166 0.024645094
-0.27091727 -0.06716711 0.06785267 0.15483513 0.20083629
-0.5208527 -0.15445468 0.005692251 0.072123885 -0.04475575
-0.20366362 -0.005702973 0.011965457 0.05944516 -0.052992083
-0.11040078 0.0547606 0.010072438 0.010946487 -0.049703345
0.075322025 0.09591561 0.14304563 -0.19397642 -0.02187503
-0.11477544 -0.18745713 -0.3086532 -0.136583 -0.28286618
-0.36923826 -0.20745324 0.027766112 0.08113283 -0.022605132
0.16359252 0.39106295 -0.10094076 0.048322324 -0.07035801
0.15126061 0.22020194 0.09329886 0.004367865 -0.14160354
-0.18731144 0.18788305 0.05932275 0.040977478 0.2723897
-0.19529687 -0.36771747 -0.42869487 -0.4268907 -0.14712243
0.0020653794 -0.29485664 -0.34310794 -0.13348229 0.07262366
-0.0958248 0.018139092 0.10109727 0.3144423 0.0154366605
-0.092452005 0.1004034 0.035342757 -0.081360884 0.070169784
0.10706457 0.09606648 -0.26788625 -0.17672586 0.12612459
-0.057255246 -0.015992135 -0.12099288 -0.40357482 -0.1217208
-0.15137333 0.042523026 0.07524132 0.027360236 -0.09604922
-0.2850974 -0.118287206 0.058816124 -0.23636848 0.09304068
-0.026017506 -0.08213345 -0.07118318 0.23958048 0.16374339
0.22324541 -0.0410372 -0.28341493 0.21526483 0.29596445
0.05449656 0.2182056 -0.026308293 -0.107834235 0.18015218
0.13911977 0.1987511 0.20719314 0.25833026 -0.05506796
-0.118789785 0.16825996 0.3940186 -0.14066377 -0.303093
-0.01785343 -0.21125516 0.06054131 0.16379224 -0.25620332
-0.03621838 0.2908025 0.14952558 -0.22726716 -0.42902395
-0.13380745 0.055660564 0.07716842 -0.36944583 -0.5628709
-0.19861259 -0.29583192 0.028791944 -0.13903454 -0.14649297
-0.17499009 -0.15762186 -0.1305264 -0.034291342 -0.11058687
-0.07225704 0.0027836475 -0.08853618 -0.12539972 -0.03372217
0.0032159113 0.025950646 0.1751914 0.12833856 0.053991467
-0.48071697 0.0317542 0.0939229 0.037708413 0.0058208536
-0.31259352 -0.24501832 0.15056051 0.3121438 0.118208736
-0.07181536 -0.08563534 0.07838873 0.103815675 -0.031589665
0.15725887 -0.050779764 -0.05355735 0.039658785 -0.20995124
-0.14848275 0.18509988 0.143845 -0.031891163 -0.11657109
0.04666721 0.07406827 -0.008012762 -0.013572183 0.14286377
0.12814127 0.10575632 -0.1301246 0.055031233 0.11712795
-0.22885948 -0.12450801 -0.22670573 -0.069028735 0.0036089364
-0.011425357 0.12869284 0.23603573 0.15771356 -0.110287994
-0.05404849 -0.25456715 0.26395354 0.065529436 0.040154465
0.06708347 0.03316718 -0.04920235 -0.010135072 0.12424911
0.07244005 -0.24872763 0.04847654 0.18062331 0.37697276
-0.46088433 -0.6520951 -0.44748732 0.022235068 -0.111831196
-0.27876124 -0.24778882 -0.24031252 0.093376994 0.48639897
-0.20225269 -0.188036 -0.1262447 0.09882211 -0.32173398
-0.3978117 -0.16270001 -0.2963198 -0.18928047 -0.2028603
-0.18541501 -0.10930143 -0.027671501 -0.0950705 0.08106734
-0.019389382 0.1698762 0.32654357 0.42365938 0.1957321
-0.14942366 0.017121928 0.21040486 0.2405347 -0.19966075
-0.10050594 -0.28526506 -0.11242644 -0.13760902 -0.18176012
-0.107550666 -0.19567765 -0.16349718 -0.17740586 -0.5190347
-0.052284993 0.050067812 -0.1769249 -0.10611255 -0.10558987
0.06536914 0.06120144 0.18122384 0.29951495 0.03665548
-0.12793715 0.10561054 0.278398 0.14195554 -0.5142055
0.30364507 -0.13213061 0.032990366 -0.07836325 0.04775015
0.18252824 -0.012286123 0.054396793 0.030068634 0.17813101
0.046263393 -0.15543212 0.064316355 0.16748248 -0.01944874
-0.3027405 -0.34208208 -0.0027082711 -0.06423895 -0.51604575
-0.05796784 -0.3777767 -0.61144805 -0.43407878 0.015006136
0.050579254 0.11257158 -0.029017862 0.22348265 0.06050797
0.09353177 -0.069208294 0.0065428396 0.11243508 0.0777714
0.10396232 0.05876904 -0.040098354 0.13145524 -0.17993753
0.19463426 0.15482748 0.096044265 -0.022717044 -0.20054016
0.06486069 -0.061159227 -0.23054792 -0.3939616 -0.32709587
0.38707513 -0.036794573 -0.10720628 0.16206981 -0.08281769
0.23166737 -0.32657418 -0.23365915 -0.18846446 0.030075636
-0.07887925 -0.16969602 0.052393097 0.1561915 0.12666737
0.090487145 0.070920885 0.3365941 0.39556026 -0.012047265
0.05480687 -0.12151256 -0.035567958 -0.43978828 -0.68106097