0.32446378 0.085445896 -0.24159913 -0.16241762 -0.019840226
0.03251276 -0.44402313 -0.1348804 0.14270137 0.11608451
-0.44153365 -0.45471215 0.0342967 0.2830635 0.13722794
-0.27876556 0.23191124 0.45626965 0.3242527 -0.19194245
0.22097813 0.27213556 -0.014331206 -0.089700684 -0.2905861
0.22248887 0.18757336 0.44561937 0.3100646 0.0661203
0.21712512 0.11960279 0.06400024 0.02562346 0.010645543
-0.1841605 0.04997821 -0.028885761 -0.048780527 0.0486547
-0.078201644 -0.51219666 -0.6334114 -0.18739179 0.0023873842
-0.20567541 -0.14474498 0.1378768 0.0021938637 -0.069547005
-0.04613029 0.062655345 0.28380176 0.19256324 0.32342592
0.05028395 0.04620355 0.13795336 0.32231396 0.10274515
-0.053670097 -0.2400396 -0.53855026 -0.60702044 -0.12253925
-0.13273923 -0.1828344 -0.43281314 -0.17113854 -0.11937598
0.25133663 0.3421093 0.34879324 0.15366444 0.097681396
-0.14811984 -0.16995338 -0.025296373 0.08658996 0.0497088
-0.54193896 -0.2957608 0.08006507 0.032128267 0.20391722
-0.3056185 -0.23949665 0.18643023 0.08660903 0.29212368
-0.39381284 -0.05558152 0.17372616 0.24998581 0.09393353
-0.12994759 -0.07341347 0.29568598 0.23940599 -0.07454102
0.23718317 0.28057024 0.18008694 0.07947665 -0.014460485
-0.26943785 0.25292525 0.17307793 0.09785142 0.10218775
-0.15228331 -0.1272342 0.19347303 0.20340833 -0.012965018
0.0042807716 -0.10200513 0.1551222 0.036480084 0.14561574
0.07227316 -0.092452034 0.060895965 0.15434137 -0.074011244
-0.093107894 -0.077974804 -0.04155675 0.18880144 -0.077015825
0.22278142 0.07258036 0.21337558 0.11791563 0.2620447
-0.17647578 0.13992827 0.29889667 -0.015663374 -0.045603707
-0.47837502 -0.15149656 0.048512153 -0.31160286 -0.2493885
-0.54829425 0.30280948 0.12693381 -0.14264072 -0.03646922