00
00
02
01
04
00
00
01
00
00
00
00
03
00
00
00
00
00
00
00
00
00
00
00
00
00
00
00
00
00
00
00
00
00
00
00
00
00
01
00
00
04
00
02
00
00
01
00
02
00
00
00
00
00
00
00
00
00
00
00
04
00
00
00
00
00
02
00
01
00
00
03
00
00
00
00
00
00
00
00
00
00
00
00
00
00
04
01
01
00
00
00
00
02
00
01
00
02
00
00
00
00
01
02
00
00
00
00
00
00
02
01
05
00
00
00
00
00
00
00
xx
xx
xx
xx
xx
xx
xx
xx
