00
02
00
02
00
00
00
00
00
00
00
00
03
01
00
05
00
00
01
02
00
00
00
00
00
02
00
00
00
02
00
02
01
00
01
00
01
01
01
00
02
01
00
01
00
00
00
00
00
00
00
00
02
00
00
00
00
00
00
01
00
00
00
00
00
00
00
00
00
00
00
00
00
00
00
00
00
00
00
00
00
00
00
00
00
02
02
00
00
00
00
00
00
00
00
00
01
00
00
00
00
00
00
00
02
00
02
00
00
01
00
00
00
00
00
00
00
00
00
01
02
00
04
00
02
03
00
00
00
00
01
00
00
00
00
01
01
00
00
00
00
00
00
00
00
00
00
00
00
00
00
00
00
00
00
00
00
00
00
00
02
00
00
00
00
00
00
00
02
00
00
00
00
00
00
00
01
00
00
00
00
00
00
00
04
00
02
00
00
02
00
00
00
00
00
00
00
00
00
00
00
00
00
00
00
00
00
00
00
00
00
00
00
00
00
00
02
00
00
00
03
00
00
00
00
00
00
00
00
00
00
00
01
00
00
00
01
00
00
00
02
00
00
00
00
00
00
00
02
00
00
00
00
00
00
00
00
04
00
00
00
00
00
00
00
00
00
00
00
00
00
00
00
04
00
00
00
00
00
00
01
00
00
00
01
00
00
00
00
06
00
00
00
00
00
00
01
00
00
00
00
00
00
00
00
05
00
00
00
00
00
00
00
00
00
00
00
01
00
01
01
00
00
00
00
00
00
00
00
00
00
00
05
00
00
02
00
01
00
00
00
00
00
00
00
02
00
00
01
00
02
03
00
02
00
02
02
01
00
00
00
05
00
00
04
00
00
05
00
01
00
04
02
02
00
00
00
04
00
00
04
01
00
05
02
01
00
02
00
00
00
00
00
05
00
00
02
01
00
03